3
2 2
2.9590440833374174 -8.020858059220819 -1.6739371549436832 -8.776675560988627
8.117649171399862 -1.3919682435167697 -0.9165130370129866 4.616267501581206
2 2
7.712135219423186 9.087792474804964 2.972678038099917 5.556449852894689
1.3214315151761902 7.484341029414534 8.94961809260195 1.9421189887227142
2 3
-0.9021074632296013 0.5530967811807788 0.42200444122444125 3.687702052285859 -1.8556967005133829 -3.5387607859290426
-2.6705413671645504 3.976996435267269 -2.350084241666208 -0.6239462236548317 -3.1391382324842434 -0.7902725624669626
